timestamp ms,type,amount,price
1626566464459000,0,8600.93998113,0.00001847
1626566525361000,0,810.53000000,0.00001849
1626566719124000,1,4240.00000000,0.00001849
1626566817738000,0,19.89606800,0.00001846
1626567065309000,0,162.21000000,0.00001849
1626567845314000,0,807.05000000,0.00001850
1626568307057000,1,1179.35389600,0.00001846
1626568525776000,0,12081.00000000,0.00001849
1626568544793000,1,9652.00000000,0.00001849
1626568544811000,1,2606.73000000,0.00001849
1626568791946000,1,1040.00000000,0.00001851
1626568792063000,1,745.00000000,0.00001851
1626568792299000,1,6695.00000000,0.00001851
1626568812152000,1,3730.00000000,0.00001849
1626568957073000,1,300.00000000,0.00001850
1626569646784000,1,20.31470200,0.00001847
1626569744218000,1,4240.00000000,0.00001846
1626569788290000,1,20.33966500,0.00001847
1626569798418000,1,377.66032000,0.00001848
1626570011293000,0,4240.00000000,0.00001852
1626570045347000,1,1989.30053909,0.00001852
1626570045347000,1,1511.69946091,0.00001852
1626570045493000,1,3461.55188682,0.00001852
1626570074654000,1,8426.50042051,0.00001851
1626570075302000,1,1991.14877217,0.00001850
1626570089363000,1,44332.00000000,0.00001849
1626570244100000,0,506.00000000,0.00001852
1626570244101000,0,3734.00000000,0.00001852
1626570364002000,1,8431.00000000,0.00001852
1626570382905000,0,1987.78080922,0.00001853
1626570382905000,0,4969.45202306,0.00001853
1626570395991000,1,0.44270156,0.00001852
1626570395991000,1,19.92562144,0.00001852
1626570708397000,0,1293.00000000,0.00001860
1626570710622000,0,2318.00000000,0.00001860
1626570710691000,0,8648.46036528,0.00001860
1626570973859000,1,268.00000000,0.00001861
1626570973890000,1,495.00000000,0.00001861
1626570974173000,1,11496.00000000,0.00001861
1626571063012000,1,202.96134500,0.00001859
1626571104868000,1,63.75283000,0.00001860
1626571239872000,0,1980.24452614,0.00001861
1626571444489000,1,7761.00000000,0.00001862
1626571485584000,0,151.00000000,0.00001863
1626571556368000,0,0.87840000,0.00001863
1626571654973000,1,405.00313300,0.00001860
1626571803282000,1,1973.47001113,0.00001858
1626571803282000,1,4237.52998887,0.00001858
1626571879355000,1,3794.00000000,0.00001852
1626571915392000,1,8343.65514051,0.00001849
1626571915392000,1,3794.00000000,0.00001849
1626571934990000,1,3794.00000000,0.00001848
1626571934990000,1,428.00000000,0.00001848
1626572050332000,1,4164.10000000,0.00001847
1626572076818000,0,4822.00000000,0.00001849
1626572076859000,0,110.03957495,0.00001849
1626572076859000,0,1972.36679889,0.00001849
1626572166277000,0,1972.40137106,0.00001851
1626572166277000,0,4931.00342764,0.00001851
1626572166326000,0,2633.53190000,0.00001851
1626572166335000,0,3008.00000000,0.00001851
1626572166345000,0,531.01780000,0.00001851
1626572166453000,0,2511.14629643,0.00001852
1626572166453000,0,12819.41779663,0.00001852
1626572167373000,0,197.60000000,0.00001854
1626572167386000,0,4042.40000000,0.00001854
1626572175615000,1,1664.00000000,0.00001854
1626572185190000,1,8335.21300671,0.00001854
1626572185190000,1,4508.78699329,0.00001854
1626572210984000,1,5843.00000000,0.00001855
1626572211335000,1,197.60000000,0.00001855
1626572351273000,1,8339.24765012,0.00001856
1626572559148000,0,1971.86254683,0.00001856
1626572559148000,0,4929.65635317,0.00001856
1626572748376000,0,4240.00000000,0.00001859
1626572892108000,0,1904.00000000,0.00001862
1626572892179000,0,2336.00000000,0.00001862
1626573244551000,1,113.00000000,0.00001857
1626573244639000,1,0.53975300,0.00001857
1626573407401000,1,1974.44195459,0.00001857
1626574004669000,0,73.10728300,0.00001858
1626575276425000,1,500.00000000,0.00001862
1626575315087000,1,500.00000000,0.00001863
1626575324674000,0,20.91520200,0.00001863
1626575946028000,0,236.19000000,0.00001861
1626576207507000,1,8345.07574450,0.00001860
1626577147166000,1,1963.00000000,0.00001861
1626577147196000,1,198.00000000,0.00001861
1626577147196000,1,6175.72317905,0.00001861
1626577346447000,1,4142.00000000,0.00001861
1626577607328000,1,8342.67001594,0.00001859
1626577644243000,1,120.75000000,0.00001858
1626577830449000,1,8356.00000000,0.00001859
1626577830452000,1,0.52766487,0.00001859
1626578826231000,0,157.94000000,0.00001858
1626579039883000,1,139.11095500,0.00001857
1626579278440000,1,4240.00000000,0.00001856
1626579278440000,1,8381.00000000,0.00001856
1626579300412000,1,0.48083170,0.00001856
1626580305715000,1,8382.24743035,0.00001855
1626580941342000,0,197.60000000,0.00001851
1626581063844000,0,30.39534500,0.00001852
1626581276551000,0,114.09075500,0.00001852
1626581466993000,0,1033.97418948,0.00001853
1626581467070000,0,1400.04071097,0.00001853
1626581733763000,0,114.14716900,0.00001850
1626581735149000,1,1988.31963618,0.00001848
1626581735149000,1,4970.79909045,0.00001848
1626581744766000,1,4975.99752911,0.00001846
1626581744766000,1,6524.00247089,0.00001846
1626581744824000,1,6413.98336724,0.00001846
1626581744824000,1,1990.12784276,0.00001846
1626581771540000,0,3424.51450000,0.00001846
1626581772214000,0,1991.55092000,0.00001847
1626581899252000,0,114.33227300,0.00001848
1626582006905000,0,228.78821600,0.00001848
1626582134202000,0,114.33227300,0.00001850
1626582242781000,1,114.00000000,0.00001849
1626582299651000,0,114.33227300,0.00001850
1626582383633000,0,114.33227300,0.00001850
1626582445718000,0,115.47535700,0.00001850
1626582785194000,0,159.06000000,0.00001851
1626582844354000,1,81.69378100,0.00001850
1626584903887000,1,8430.85529165,0.00001846
1626585582904000,1,1993.48574311,0.00001845
1626585582904000,1,4983.71435777,0.00001845
1626585789180000,0,4203.00000000,0.00001848
1626586014973000,1,8446.00000000,0.00001845
1626586031898000,1,0.36425037,0.00001845
1626586599464000,0,12.61907400,0.00001844
1626586601162000,0,17.21481400,0.00001844
1626586648389000,1,114.00000000,0.00001844
1626586648438000,1,0.76436500,0.00001844
1626586931931000,1,1113.00000000,0.00001843
1626586933332000,1,1933.00000000,0.00001843
1626586933447000,1,1933.00000000,0.00001843
1626586933462000,1,3467.01252451,0.00001843
1626586934748000,1,8446.00000000,0.00001843
1626586934810000,1,0.01252451,0.00001843
1626587526622000,0,399.03000000,0.00001844
1626587848319000,1,515.00000000,0.00001841
1626587848346000,1,0.71654047,0.00001841
1626587959737000,1,109.00000000,0.00001841
1626587959804000,1,0.14997100,0.00001841
1626588493321000,0,11759.23729329,0.00001841
1626588494116000,1,3310.00000000,0.00001841
1626588499046000,1,4783.00000000,0.00001841
1626588499470000,1,4166.00000000,0.00001841
1626588499567000,1,0.46036528,0.00001841
1626588512487000,1,99.00000000,0.00001841
1626588574738000,0,115.21630300,0.00001842
1626588577617000,0,1544.00000000,0.00001842
1626588577664000,0,10715.46036528,0.00001842
1626588647190000,1,9406.00000000,0.00001845
1626588647237000,1,2853.46036528,0.00001845
1626589813684000,0,49.29924296,0.00001846
1626589826291000,0,28.68796441,0.00001846
1626590249901000,0,2003.50950753,0.00001846
1626590249901000,0,5008.77376884,0.00001846
1626590286557000,1,2723.00000000,0.00001843
1626590286575000,1,169.00000000,0.00001843
1626590286630000,1,2114.06045693,0.00001843
1626590286630000,1,2004.31557917,0.00001843
1626590322383000,0,115.01673800,0.00001844
1626590515721000,1,2006.38045211,0.00001842
1626590515721000,1,2733.61954789,0.00001842
1626590515742000,1,2282.55899758,0.00001842
1626590618787000,1,2009.89410361,0.00001840
1626590647777000,0,115.29880100,0.00001838
1626590765628000,0,13.57507000,0.00001838
1626590962752000,0,113.12360700,0.00001838
1626591002441000,1,517.00000000,0.00001835
1626591002697000,1,0.40280708,0.00001835
1626591056972000,0,2015.00000000,0.00001837
1626591122413000,1,4240.00000000,0.00001836
1626591452450000,0,2566.00000000,0.00001839
1626591452450000,0,5035.59229518,0.00001839
1626591452450000,0,2014.17755410,0.00001839
1626591453302000,0,856.00000000,0.00001840
1626591930451000,0,115.39103900,0.00001842
1626592036708000,1,1911.44855200,0.00001840
1626592351770000,0,11.42372300,0.00001843
1626592352958000,0,115.39316700,0.00001843
1626592586169000,0,35.69044700,0.00001841
1626592610457000,0,115.52172200,0.00001841
1626592610657000,0,21.45626300,0.00001841
1626592631087000,0,11.55169200,0.00001841
1626592636611000,0,33.26410400,0.00001841
1626592694413000,1,39.73300000,0.00001840
1626592713058000,0,144.44320100,0.00001841
1626592733576000,0,2779.83193200,0.00001841
1626592736884000,1,0.00058900,0.00001840
1626592736884000,1,4240.00000000,0.00001839
1626592778755000,0,23.46174300,0.00001840
1626592820703000,0,79.01288900,0.00001839
1626592862547000,0,1961.88015000,0.00001840
1626592882857000,0,1939.54041400,0.00001840
1626592882991000,0,11.31713500,0.00001840
1626592967977000,0,115.58450500,0.00001840
1626593073018000,0,41.62723700,0.00001840
1626593137775000,0,115.58450500,0.00001840
1626593160739000,0,115.58450500,0.00001840
1626593398876000,0,4147.70000000,0.00001842
1626593399069000,0,4016.00000000,0.00001842
1626593399107000,0,1012.92525558,0.00001842
1626593920428000,0,116.62938900,0.00001840
1626593995130000,0,100.34348300,0.00001841
1626594026930000,0,115.47432600,0.00001841
1626594111386000,0,115.41163600,0.00001842
1626594132908000,0,11.54116200,0.00001842
1626594133107000,0,115.41163600,0.00001842
1626594143360000,0,305.05311700,0.00001842
1626594284512000,0,46.77448605,0.00001843
1626594584512000,0,4240.00000000,0.00001850
1626594777276000,0,960.01665800,0.00001847
1626594867970000,1,40.11200000,0.00001847
1626594939458000,1,0.00021100,0.00001847
1626594960595000,0,115.31405400,0.00001849
1626595085060000,0,115.31405400,0.00001849
1626595338040000,0,230.84912400,0.00001851
1626595344053000,0,5031.00000000,0.00001852
1626595359632000,0,0.60452956,0.00001852
1626595359632000,0,114.78884544,0.00001853
1626595400651000,0,115.33106700,0.00001852
1626595634994000,0,115.26882700,0.00001854
1626595656650000,0,115.20665400,0.00001854
1626595687177000,1,117.75500000,0.00001852
1626595698369000,0,115.26882700,0.00001853
1626595764448000,1,115.00000000,0.00001852
1626595764503000,1,0.33106700,0.00001852
1626595866453000,0,115.33106700,0.00001852
1626596357910000,0,1297.00000000,0.00001852
1626596474329000,0,100.00000000,0.00001853
1626596516407000,0,114.95666800,0.00001853
1626596550459000,0,229.91333600,0.00001853
1626596699178000,0,2088.79625063,0.00001851
1626596730713000,0,641.23683100,0.00001851
1626596763308000,0,2551.86860275,0.00001850
1626596778828000,0,114.90291400,0.00001851
1626596792594000,0,297.68408182,0.00001851
1626596819286000,0,422.19922299,0.00001851
1626596819329000,0,403.89999999,0.00001851
1626596819503000,0,285.19999999,0.00001851
1626596819535000,0,232.50000000,0.00001851
1626596841702000,0,114.84775300,0.00001852
1626596991327000,0,114.92992600,0.00001851
1626597047282000,0,301.41844800,0.00001851
1626597047751000,0,300.00000000,0.00001851
1626597146130000,0,19.27708500,0.00001850
1626597242390000,0,115.08691000,0.00001850
1626597298508000,0,751.53803536,0.00001849
1626597327734000,0,115.08691000,0.00001850
1626597348755000,0,115.20932600,0.00001850
1626597393035000,0,115.14708500,0.00001851
1626597415436000,0,230.29417000,0.00001851
1626597436083000,0,11.51470800,0.00001851
1626597613649000,0,85.64356400,0.00001852
1626597667507000,0,115.14708500,0.00001851
1626597725242000,0,1608.40000000,0.00001850
1626597733558000,1,2571.00000000,0.00001849
1626597753834000,1,115.00000000,0.00001849
1626597753892000,1,0.20932600,0.00001849
1626597881204000,0,115.20932600,0.00001850
1626597943797000,0,11.29835700,0.00001850
1626598373500000,0,115.14708500,0.00001851
1626598456909000,0,115.14708500,0.00001851
1626598519218000,0,11.51470800,0.00001851
1626598817952000,0,115.20985600,0.00001850
1626598840043000,0,125.64917800,0.00001849
1626598852640000,0,971.33770526,0.00001849
1626598904574000,0,115.21462600,0.00001850
1626598936690000,1,12.78570600,0.00001850
1626598950441000,0,693.89215800,0.00001850
1626598971708000,0,110.28192800,0.00001850
1626599029175000,0,2425.68765133,0.00001850
1626599029506000,0,2557.83074412,0.00001850
1626599045292000,0,558.17000000,0.00001850
1626599160249000,0,39.58293500,0.00001850
1626599162767000,0,69.12426700,0.00001851
1626599405298000,1,115.00000000,0.00001850
1626599419817000,0,118.77371400,0.00001851
1626599463223000,0,720.09989300,0.00001851
1626599463354000,0,115.39284500,0.00001851
1626599634172000,0,230.78569000,0.00001851
1626599993098000,0,124.33872500,0.00001851
1626600035842000,0,17.20455700,0.00001850
1626600076777000,0,19.79120200,0.00001850
1626600119200000,0,115.45521900,0.00001850
1626600267091000,0,115.45521900,0.00001850
1626600268750000,0,4124.54478100,0.00001850
1626600268750000,0,5205.89666000,0.00001850
1626600286673000,0,230.91043900,0.00001850
1626600330260000,0,115.45521900,0.00001850
1626600347062000,1,2694.00000000,0.00001850
1626600347103000,1,0.77901400,0.00001850
1626600352958000,1,115.00000000,0.00001850
1626600352989000,1,0.45521900,0.00001850
1626600519177000,0,115.39284500,0.00001851
1626600576088000,1,108.00000000,0.00001850
1626600576219000,1,1624.00000000,0.00001850
1626600577111000,1,825.00000000,0.00001850
1626600577168000,1,0.97643187,0.00001850
1626600624451000,0,115.28214700,0.00001850
1626600642802000,0,107.35161700,0.00001850
1626600666100000,0,115.14915300,0.00001850
1626600772638000,0,115.25225200,0.00001850
1626600772775000,0,757.72443000,0.00001850
1626600772875000,0,12.33863200,0.00001850
1626600796787000,0,115.25225200,0.00001850
1626600818130000,0,115.08691000,0.00001850
1626600818329000,0,19.78219300,0.00001850
1626600818532000,0,11.54531000,0.00001850
1626600859461000,0,98.91149800,0.00001851
1626600922894000,0,19.77150600,0.00001849
1626600944832000,0,115.14761400,0.00001849
1626600990716000,0,16.34110600,0.00001850
1626601011380000,0,39.56173800,0.00001849
1626601033438000,0,115.35718000,0.00001849
1626601918768000,1,2549.00000000,0.00001853
1626602391380000,0,115.03479800,0.00001851
1626602624033000,0,115.21356600,0.00001850
1626602686468000,0,115.33651200,0.00001849
1626602770760000,0,115.39889000,0.00001849
1626603006573000,0,115.45998900,0.00001851
1626603045022000,0,103.00000000,0.00001850
1626604498134000,0,1051.00000000,0.00001851
1626605586041000,0,161.70000000,0.00001852
1626606500261000,1,200.49484639,0.00001850
1626607325856000,0,668.03000000,0.00001853
1626607772001000,1,13.11350374,0.00001853
1626608432219000,0,114.61598600,0.00001852
1626608469428000,1,2502.21502900,0.00001850
1626608751354000,1,181.00000000,0.00001852
1626608751462000,1,0.70742600,0.00001852
1626608922826000,1,77.20989000,0.00001854
1626608936441000,1,11.27000700,0.00001854
1626609020071000,1,64.16918300,0.00001855
1626609380957000,0,332.10758700,0.00001855
1626610448704000,1,1881.36191600,0.00001855
1626610712079000,1,179.72334100,0.00001856
1626611147529000,0,65.00000000,0.00001856
1626611380405000,0,114.48097800,0.00001856
1626611385467000,0,11.29334400,0.00001856
1626611402502000,0,114.54265900,0.00001856
1626611463404000,0,17.04751900,0.00001856
1626611484286000,0,22.25078800,0.00001856
1626611565798000,1,114.00000000,0.00001856
1626611565861000,1,0.47504600,0.00001856
1626612198591000,0,23.09773000,0.00001857
1626612218611000,0,212.50003200,0.00001857
1626612242803000,1,114.00000000,0.00001857
1626612248002000,1,0.29197400,0.00001857
1626612320881000,0,114.27191200,0.00001857
1626612422948000,0,112.53210700,0.00001855
1626612443021000,0,115.53934700,0.00001855
1626612443188000,0,92.82913000,0.00001855
1626612566499000,0,15.69742200,0.00001854
1626612607716000,0,114.39511600,0.00001855
1626612629714000,0,114.39511600,0.00001855
1626612670693000,0,39.11569000,0.00001855
1626612671260000,0,114.39511600,0.00001855
1626612793946000,0,114.48496300,0.00001855
1626612835553000,0,114.48284900,0.00001856
1626612958261000,0,114.44743900,0.00001855
1626613017741000,0,12.56449500,0.00001855
1626613040888000,1,114.37626700,0.00001855
1626613040888000,1,123.62373300,0.00001855
1626613040946000,1,0.00609600,0.00001855
1626613165744000,1,21.50891700,0.00001854
1626613165744000,1,219.49108300,0.00001854
1626613165889000,1,0.34837300,0.00001854
1626613246447000,0,114.54459800,0.00001854
1626613246543000,0,17.05248100,0.00001854
1626613307584000,1,114.00000000,0.00001854
1626613307635000,1,0.54459800,0.00001854
1626613625132000,0,1605.12000000,0.00001857
1626613736290000,0,114.48549200,0.00001855
1626613796321000,0,114.48549200,0.00001855
1626613837715000,0,114.48549200,0.00001855
1626613858367000,0,114.48549200,0.00001855
1626613899286000,0,114.48549200,0.00001855
1626613940784000,0,19.54229500,0.00001855
1626614144067000,0,114.62762000,0.00001855
1626614225276000,0,114.64242600,0.00001854
1626614245897000,0,20.27307100,0.00001854
1626614286809000,0,229.30812000,0.00001854
1626614327817000,0,11.44636800,0.00001854
1626614334789000,0,21.50531400,0.00001854
1626614409860000,0,11.47069300,0.00001854
1626614430672000,0,11.44636900,0.00001854
1626614451532000,0,114.63237900,0.00001853
1626614575215000,1,114.73233600,0.00001853
1626614575215000,1,68.26766400,0.00001853
1626614647498000,1,0.53121000,0.00001853
1626614714050000,0,114.66886600,0.00001853
1626614717689000,0,114.66886600,0.00001853
1626614799817000,0,114.79269800,0.00001852
1626614825053000,1,42099.50515361,0.00001850
1626614825053000,1,4361.30000000,0.00001850
1626614862835000,0,229.58546400,0.00001851
1626614947305000,0,39.51775300,0.00001850
1626614948095000,0,114.92315800,0.00001850
1626614968524000,0,114.92315800,0.00001850
1626615010387000,1,114.00000000,0.00001850
1626615017783000,1,0.91732900,0.00001850
1626615030699000,0,114.91732900,0.00001850
1626615071885000,0,114.91785900,0.00001850
1626615112866000,0,229.77257400,0.00001851
1626615153878000,0,229.70943000,0.00001851
1626615176320000,0,419.48602200,0.00001851
1626615327795000,0,902.85696100,0.00001851
1626615343074000,0,114.84730000,0.00001851
1626615363598000,0,114.84730000,0.00001849
1626615363718000,0,118.32978400,0.00001849
1626615591171000,0,114.85471500,0.00001851
1626615632634000,0,933.38365000,0.00001851
1626615716833000,0,114.86795600,0.00001851
1626615798908000,0,11.46703900,0.00001851
1626615860863000,0,115.02543700,0.00001851
1626615925220000,0,115.02967600,0.00001850
1626615966650000,0,345.10545600,0.00001849
1626616108494000,0,62.03020500,0.00001851
1626616174073000,0,109.32485400,0.00001850
1626616238914000,0,115.01626000,0.00001850
1626616281035000,0,115.07843100,0.00001849
1626616324665000,0,17.13036500,0.00001849
1626616347582000,0,115.10196200,0.00001849
1626616388020000,0,1189.63986800,0.00001850
1626616453636000,0,114.90079500,0.00001850
1626616555764000,0,99.02702700,0.00001850
1626616578017000,0,114.96078400,0.00001850
1626616598327000,0,114.96078400,0.00001850
1626616660037000,0,116.22469500,0.00001849
1626616722490000,0,115.07737100,0.00001850
1626616742865000,0,11.48277600,0.00001850
1626616742989000,0,115.07737100,0.00001850
1626616765129000,0,115.07737100,0.00001850
1626616829309000,0,115.13960900,0.00001849
1626616871880000,0,230.27921800,0.00001849
1626616872518000,0,14.30184800,0.00001849
1626616892975000,0,115.13960900,0.00001849
1626616914518000,0,289.91413200,0.00001849
1626616957850000,0,115.13960900,0.00001849
1626616998723000,0,115.13960900,0.00001849
1626617014855000,0,2312.91951100,0.00001849
1626617085937000,0,115.05988300,0.00001850
1626617147669000,0,114.96078400,0.00001850
1626617273057000,0,292.20561700,0.00001850
1626617355892000,0,114.83465800,0.00001850
1626618326310000,0,114.87484200,0.00001850
1626618367329000,0,114.93693600,0.00001850
1626618756919000,1,124.00000000,0.00001849
1626618815460000,0,114.93799600,0.00001850
1626618836357000,0,115.00582900,0.00001850
1626619123975000,1,2021.74646725,0.00001842
1626619123975000,1,5051.87000275,0.00001842
1626619130139000,0,39.63827800,0.00001843
1626619134388000,0,197.60000000,0.00001843
1626619145100000,1,1024.00000000,0.00001843
1626619150625000,0,115.45180900,0.00001843
1626619192484000,0,115.60222500,0.00001844
1626619224858000,1,1068.12207000,0.00001838
1626619260967000,1,4240.00000000,0.00001842
1626619262133000,1,12.87106800,0.00001841
1626619267306000,0,3755.10000000,0.00001844
1626619267306000,0,19965.90000000,0.00001844
1626619267331000,0,155.00000000,0.00001844
1626619273663000,0,8978.00000000,0.00001845
1626619273695000,0,3280.53827328,0.00001845
1626619281529000,1,2037.33616036,0.00001845
1626619289870000,1,2038.71169000,0.00001843
1626619308454000,1,4240.00000000,0.00001841
1626619308454000,1,8515.74690000,0.00001841
1626619308509000,1,11400.42776000,0.00001842
1626619308977000,1,4240.00000000,0.00001840
1626619309213000,0,500.00000000,0.00001842
1626619309213000,0,999.19840000,0.00001842
1626619309236000,1,859.03260000,0.00001839
1626619312595000,0,1499.19840000,0.00001838
1626619317453000,0,3389.85910000,0.00001839
1626619317558000,0,5618.96970000,0.00001839
1626619317608000,0,1140.42776000,0.00001839
1626619320178000,0,20000.00000000,0.00001841
1626619320249000,0,15246.64000000,0.00001841
1626619325943000,0,17786.00000000,0.00001844
1626619334387000,1,1499.19840528,0.00001840
1626619389808000,0,3832.00000000,0.00001843
1626619389889000,0,8427.46036528,0.00001843
1626619414199000,1,4240.00000000,0.00001841
1626619414199000,1,8678.26131515,0.00001841
1626619416182000,1,8681.71048894,0.00001840
1626619416182000,1,4240.00000000,0.00001840
1626619416182000,1,8438.86460000,0.00001840
1626619416182000,1,23507.58729106,0.00001840
1626619450099000,1,197.60000000,0.00001842
1626619668212000,1,2039.19011000,0.00001845
1626619701736000,1,339.00000000,0.00001845
1626619701862000,0,116.46113400,0.00001846
1626619704353000,1,0.72466124,0.00001845
1626619785360000,0,116.43789000,0.00001846
1626619834617000,1,7839.28751000,0.00001845
1626619845969000,1,106.00000000,0.00001844
1626619852673000,1,120.00000000,0.00001844
1626619902864000,1,0.60656182,0.00001844
1626620082918000,1,116.00000000,0.00001844
1626620082982000,1,0.55661100,0.00001844
1626620103929000,0,233.05004800,0.00001845
1626620418162000,1,4420.17285000,0.00001842
1626620423921000,0,687.00000000,0.00001841
1626620423923000,0,3553.00000000,0.00001841
1626620453149000,1,172.79378100,0.00001842
1626620576263000,1,210.00000000,0.00001846
1626620621829000,1,83.93229700,0.00001846
1626620940532000,1,2029.00000000,0.00001850
1626620940588000,1,0.26014157,0.00001850
1626620959767000,1,116.00000000,0.00001847
1626620959770000,1,0.02280300,0.00001847
1626621053404000,0,12259.00000000,0.00001848
1626621140541000,1,2030.86323987,0.00001847
1626621300656000,1,12259.00000000,0.00001846
1626621596433000,1,8480.97570000,0.00001847
1626621596433000,1,2030.13941731,0.00001847
1626621596433000,1,4240.00000000,0.00001846
1626621596433000,1,8611.16190403,0.00001846
1626621596433000,1,4250.20000000,0.00001846
1626621596433000,1,30299.06693866,0.00001846
1626621750208000,1,115.00000000,0.00001849
1626621768063000,1,0.90260700,0.00001849
1626621811761000,0,11968.00000000,0.00001851
1626621918179000,1,25.37958200,0.00001851
1626622088164000,1,99.90000000,0.00001852
1626622101370000,1,23.99133500,0.00001852
1626622178208000,0,12.00525200,0.00001852
1626622258883000,0,517.00000000,0.00001859
1626622258904000,0,0.40280708,0.00001859
1626622311675000,1,5038.00463128,0.00001860
1626622311675000,1,2014.88137702,0.00001860
1626622311675000,1,13098.11399170,0.00001860
1626622311686000,1,0.69804963,0.00001860
1626622607603000,1,48.51103000,0.00001855
1626622607722000,1,500.00000000,0.00001854
1626622607722000,1,150.27229400,0.00001854
1626622671688000,1,172.67000000,0.00001856
1626622968432000,0,80.00000000,0.00001856
1626623052142000,1,4591.33382000,0.00001853
1626623290399000,1,7328.00000000,0.00001854
1626623447624000,0,2023.69086325,0.00001855
1626623447624000,0,5059.22715813,0.00001855
1626623506930000,1,16.02209500,0.00001855
1626623525375000,0,1628.52000000,0.00001857
1626623759660000,0,38.67200000,0.00001856
1626624156141000,0,158.92800000,0.00001852
1626624692050000,1,33.16860000,0.00001853
1626625843511000,0,115.55453200,0.00001853
1626625843622000,0,39.75217700,0.00001853
1626625886456000,0,61.61867800,0.00001853
1626625908185000,0,199.41855400,0.00001853
1626625929157000,0,24.32727000,0.00001853
1626625992973000,0,29.82709500,0.00001853
1626626014156000,0,62.10014400,0.00001853
1626626014257000,0,115.62966200,0.00001853
1626626099151000,0,23.87456000,0.00001852
1626626140154000,0,42.50777900,0.00001852
1626626166774000,0,112.53758500,0.00001851
1626626182622000,0,115.75460000,0.00001851
1626626227356000,1,11.51060800,0.00001852
1626626577552000,0,115.87546300,0.00001850
1626626619926000,0,115.86539400,0.00001850
1626626994199000,0,198.96876000,0.00001850
1626627038499000,1,218.00000000,0.00001850
1626627038537000,1,0.98410100,0.00001850
1626627239112000,1,115.00000000,0.00001849
1626627919756000,0,199.35365100,0.00001849
1626627940777000,0,115.67407900,0.00001849
1626628132376000,0,99.60710000,0.00001849
1626628154190000,0,115.70642300,0.00001848
1626628218340000,0,39.86450600,0.00001848
1626629591406000,1,13.81393200,0.00001847
1626629591406000,1,115.18606800,0.00001847
1626629645359000,1,0.62388300,0.00001847
1626629676155000,0,249.32147100,0.00001847
1626629677066000,0,115.80305100,0.00001847
1626630264291000,1,219.14389552,0.00001847
1626630330120000,1,385.21415000,0.00001847
1626630353700000,1,2022.29442083,0.00001847
1626630353700000,1,5055.73605207,0.00001847
1626630353700000,1,8577.79152440,0.00001847
1626630354902000,1,4240.00000000,0.00001846
1626630371452000,1,4240.00000000,0.00001845
1626630371452000,1,2023.38932847,0.00001845
1626630371452000,1,5061.21355592,0.00001845
1626630376510000,1,2024.48542237,0.00001845
1626631047476000,1,15.07410100,0.00001846
1626631332628000,1,197.60000000,0.00001850
1626631405012000,1,56.34620500,0.00001851
1626631405105000,1,12.67273500,0.00001851
1626631484365000,1,20.19660900,0.00001850
1626633536019000,1,71.00000000,0.00001852
1626634071473000,1,95.00000000,0.00001850
1626634468130000,1,4105.00000000,0.00001848
1626634468173000,1,0.80000000,0.00001848
1626634637118000,1,5031.27747423,0.00001851
1626634637118000,1,2011.72252577,0.00001851
1626634637118000,1,0.59213521,0.00001851
1626636310569000,0,115.20456600,0.00001848
1626636474209000,0,435.02249300,0.00001848
1626636544069000,0,99.73544900,0.00001848
1626636544986000,0,404.02000000,0.00001848
1626636554202000,0,16.59000000,0.00001848
1626636574270000,0,33.83712121,0.00001848
1626638401868000,1,5036.47905000,0.00001850
1626638970755000,0,7000.00000000,0.00001846
1626639386610000,0,45.21063300,0.00001851
1626639469036000,0,13.16470000,0.00001852
1626639499799000,1,500.00000000,0.00001852
1626639499799000,1,266.51300000,0.00001852
1626640282530000,1,20.00000000,0.00001850
1626640591312000,1,1926.00000000,0.00001850
1626640591341000,1,1190.00000000,0.00001850
1626640591360000,1,1376.00000000,0.00001850
1626640592311000,1,16873.00000000,0.00001850
1626640635996000,1,0.76054054,0.00001850
1626641167662000,1,4663.21000000,0.00001851
1626641429557000,1,13.00000000,0.00001851
1626641533692000,1,224.24939600,0.00001851
1626641760470000,0,26.84889368,0.00001853
1626641835855000,1,11.15632400,0.00001852
1626642018688000,1,126.60392900,0.00001852
1626642365324000,1,95.51084300,0.00001852
1626642741760000,0,755.17790000,0.00001854
1626642742607000,0,755.17790000,0.00001854
1626642744081000,0,755.17790000,0.00001854
1626642757705000,0,9993.00000000,0.00001854
1626642883980000,1,8520.82046436,0.00001854
1626642889951000,1,3737.86839092,0.00001854
1626643807860000,0,240.74000000,0.00001856
1626644958168000,1,792.00000000,0.00001856
1626644958204000,1,3277.80000000,0.00001856
1626644962793000,1,2006.00000000,0.00001853
1626644962820000,1,0.04485311,0.00001853
1626645048319000,0,1998.74898301,0.00001859
1626645069624000,0,144.00000000,0.00001858
1626645069630000,0,6457.00000000,0.00001858
1626645069645000,0,144.00000000,0.00001858
1626645076023000,0,5514.00000000,0.00001859
1626645076048000,0,0.46036528,0.00001859
1626645084131000,1,12259.46036528,0.00001859
1626645084131000,1,4992.53963472,0.00001859
1626645092900000,1,1997.36379936,0.00001859
1626645134868000,0,2000.59055000,0.00001858
1626645571661000,1,20.08045300,0.00001852
1626645727194000,0,50.38082200,0.00001850
1626646443776000,1,146.64779600,0.00001851
1626646750047000,1,2020.55991647,0.00001853
1626646750047000,1,5051.39978353,0.00001853
1626646750069000,1,0.00000764,0.00001853
1626646750801000,0,79.28241800,0.00001855
1626647160522000,1,16.60409900,0.00001850
1626647783587000,0,500.00000000,0.00001852
1626648626179000,1,2026.56509239,0.00001846
1626648626179000,1,565.02460861,0.00001846
1626648912547000,0,115.51501000,0.00001849
1626648955874000,0,115.56796900,0.00001848
1626649279467000,0,18.62373700,0.00001847
1626649482647000,0,115.49200000,0.00001847
1626649549142000,0,292.98379100,0.00001848
1626649626379000,0,13.18171200,0.00001847
1626649841927000,0,2028.95788467,0.00001846
1626649841927000,0,5074.31094967,0.00001846
1626649842300000,0,634.75950874,0.00001847
1626649842316000,0,706.08160955,0.00001847
1626649842327000,0,159.75875815,0.00001847
1626649843194000,0,665.27701552,0.00001849
1626650085239000,0,309.58016500,0.00001848
1626650166879000,0,115.56372500,0.00001848
1626650686205000,0,115.50122400,0.00001848
1626652146042000,0,33.94786700,0.00001845
1626652146139000,0,114.90621100,0.00001845
1626652161249000,1,2012.13308993,0.00001844
1626652769331000,0,22.98539700,0.00001849
1626652878780000,1,2016.00000000,0.00001846
1626652878839000,1,0.22727058,0.00001846
1626653061690000,1,115.00000000,0.00001848
1626653405011000,0,1120.02000000,0.00001848
1626654904834000,0,300.02000000,0.00001849
1626655320901000,1,2022.56676849,0.00001843
1626655320901000,1,5056.41692123,0.00001843
1626655333740000,0,5061.90408013,0.00001844
1626655333740000,0,2024.76162987,0.00001844
1626655333857000,0,0.00000218,0.00001844
1626655469167000,0,115.55601600,0.00001844
1626655661775000,1,334.00000000,0.00001835
1626655662233000,1,183.00000000,0.00001835
1626655748641000,1,17.93800000,0.00001836
1626655749676000,1,0.00007900,0.00001836
1626655750562000,1,0.40280708,0.00001835
1626655750562000,1,44479.00000000,0.00001834
1626655750562000,1,4005.59719292,0.00001834
1626655750615000,1,0.20280708,0.00001834
1626656031581000,0,14.53335500,0.00001835
1626656080879000,0,398.84276300,0.00001833
1626656126913000,1,70.00000000,0.00001832
1626656126913000,1,4400.00000000,0.00001832
1626656153295000,0,2041.36011000,0.00001833
1626656153352000,0,0.00000154,0.00001833
1626656311229000,0,39.97411200,0.00001834
1626656353421000,0,14.42829100,0.00001832
1626656583682000,0,40.00974500,0.00001831
1626656618388000,1,519.10013723,0.00001829
1626656625065000,0,116.65006800,0.00001830
1626656686333000,0,116.71434600,0.00001830
1626656736953000,1,60.04928700,0.00001829
1626656897381000,0,116.69824000,0.00001832
1626656913425000,0,12.43112200,0.00001832
1626657050614000,0,114.55818100,0.00001831
1626657066289000,0,1875.34735000,0.00001831
1626657524327000,0,11.68970300,0.00001831
1626658445109000,0,2450.05000000,0.00001833
1626658687148000,0,500.00000000,0.00001833
1626658690499000,0,4400.00000000,0.00001835
1626658769073000,1,2950.00000000,0.00001835
1626658769084000,1,0.05000000,0.00001835
1626659275913000,1,515.00000000,0.00001837
1626659275918000,1,605.12794200,0.00001837
1626659328550000,0,265.03957521,0.00001839
1626659448669000,0,244.72243065,0.00001839
1626659557498000,1,200.00000000,0.00001837
1626659557552000,1,0.76958300,0.00001837
1626659577870000,0,3184.41873600,0.00001838
1626659593569000,1,345.35164702,0.00001836
1626659639563000,0,247.67612200,0.00001838
1626659688811000,0,183.54182299,0.00001838
1626659703435000,0,784.36331901,0.00001838
1626659703435000,0,1186.33746299,0.00001838
1626659808983000,0,137.65636724,0.00001836
1626659928968000,0,103.24227543,0.00001835
1626659945742000,0,243.92000000,0.00001835
1626660049045000,0,77.43170658,0.00001834
1626660169096000,0,43.55533495,0.00001837
1626660203385000,0,116.08974500,0.00001837
1626660289199000,0,47.18494619,0.00001837
1626660517538000,0,793.03270800,0.00001837
1626660606494000,0,162.44000000,0.00001838
1626660642122000,0,7940.72574600,0.00001839
1626660649401000,0,35.38870965,0.00001838
1626660747471000,0,115.83189300,0.00001838
1626660769523000,0,26.54153223,0.00001838
1626660889606000,0,19.90614918,0.00001838
1626660937596000,0,115.75877700,0.00001839
1626661009666000,0,14.92961188,0.00001837
1626661215262000,1,395.00000000,0.00001837
1626661215382000,1,0.47811800,0.00001837
1626661516662000,0,4400.00000000,0.00001839
1626661517083000,0,4400.00000000,0.00001839
1626661662111000,1,115.00000000,0.00001840
1626661662201000,1,0.69906200,0.00001840
1626661865092000,0,115.64637700,0.00001840
1626661866281000,0,162.26000000,0.00001840
1626661887186000,1,115.00000000,0.00001840
1626661887259000,1,0.63781400,0.00001840
1626661926888000,0,1002.02000000,0.00001841
1626662065281000,0,300.00000000,0.00001840
1626662065317000,0,1546.00000000,0.00001840
1626662152704000,1,1112.41083400,0.00001841
1626662707840000,0,8595.00000000,0.00001845
1626662707873000,0,0.50162202,0.00001845
1626663075237000,0,2311.00000000,0.00001846
1626663075298000,0,6275.98680631,0.00001846
1626663075634000,0,2311.00000000,0.00001846
1626663075696000,0,1657.00000000,0.00001846
1626663075916000,0,1657.00000000,0.00001846
1626663076821000,0,2961.00000000,0.00001846
1626663436783000,0,151.00000000,0.00001843
1626663488124000,0,0.80352700,0.00001843
1626663488124000,0,4399.19647300,0.00001844
1626663488131000,0,0.80352700,0.00001844
1626663525812000,0,4400.00000000,0.00001845
1626663663898000,0,0.98680631,0.00001846
1626663663898000,0,4399.01319369,0.00001846
1626663926516000,0,3990.00000000,0.00001847
1626663926570000,0,0.50000000,0.00001847
1626663959059000,1,414.09236500,0.00001845
1626664000642000,0,623.00000000,0.00001846
1626664000878000,0,0.67444000,0.00001846
1626664085515000,0,1136.13000000,0.00001846
1626664508275000,1,1965.00000000,0.00001843
1626664638571000,1,440.11000000,0.00001844
1626664935614000,1,8495.12350000,0.00001844
1626664935614000,1,500.00000000,0.00001844
1626664937036000,0,505.00000000,0.00001844
1626664965514000,0,0.87376600,0.00001844
1626664997938000,0,4400.00000000,0.00001846
1626664997938000,0,4601.00000000,0.00001846
1626664997952000,0,3979.63974115,0.00001846
1626665095556000,1,51.37021700,0.00001846
1626665676748000,1,3493.00000000,0.00001848
1626665857863000,1,41.32049900,0.00001846
1626665916051000,1,117.40750000,0.00001846
1626666065751000,0,188.10000000,0.00001850
1626666338431000,1,25.69846500,0.00001848
1626666372878000,0,5520.00000000,0.00001850
1626666373023000,0,5520.00000000,0.00001850
1626666373202000,0,1219.00000000,0.00001850
1626666373248000,0,0.46036528,0.00001850
1626666700869000,1,662.78213900,0.00001847
1626666750924000,0,948.00000000,0.00001850
1626666852182000,1,8516.42290000,0.00001847
1626666852182000,1,1528.95295500,0.00001847
1626667420350000,1,19.96925500,0.00001849
1626667441229000,1,1539.21010300,0.00001849
1626667470166000,0,6146.00000000,0.00001850
1626667567258000,1,932.99213200,0.00001848
1626667778967000,1,8574.10959690,0.00001848
1626667815615000,0,5919.00000000,0.00001848
1626667816163000,0,12721.00000000,0.00001848
1626667816225000,0,779.00000000,0.00001848
1626667896080000,0,8574.00000000,0.00001849
1626668003189000,0,0.36976187,0.00001849
1626668003189000,0,8573.63023813,0.00001849
1626668003217000,0,0.22513007,0.00001849
1626668006201000,0,8574.00000000,0.00001849
1626668006316000,0,0.10959690,0.00001849
1626668107178000,1,20.30809800,0.00001849
1626668127516000,1,52.50000000,0.00001849
1626668139995000,1,8479.45960000,0.00001850
1626668315450000,1,56.64437100,0.00001851
1626668335971000,1,49.85417500,0.00001851
1626668356407000,1,4350.14582500,0.00001851
1626668356407000,1,943.43544600,0.00001851
1626668402124000,0,220.00000000,0.00001852
1626668402125000,0,2592.00000000,0.00001852
1626668402137000,0,321.00000000,0.00001852
1626668677432000,1,5324.46995000,0.00001850
1626668721567000,1,8445.12120000,0.00001850
1626668724142000,1,12259.46036528,0.00001850
1626668800649000,1,24.45268600,0.00001849
1626668871992000,1,8511.34381250,0.00001849
1626668871992000,1,4399.65618750,0.00001849
1626669165894000,1,124.59246700,0.00001846
1626669217918000,0,2016.17113223,0.00001847
1626669241899000,1,20.22336200,0.00001847
1626669247669000,0,279.00000000,0.00001848
1626669247936000,0,1853.00000000,0.00001848
1626669248278000,0,8111.00000000,0.00001848
1626669293216000,1,117.49815000,0.00001848
1626669473363000,0,3563.00000000,0.00001850
1626669478424000,0,4418.00000000,0.00001850
1626669489294000,0,2745.00000000,0.00001850
1626669489310000,0,1655.00000000,0.00001850
1626669491348000,0,12843.00000000,0.00001850
1626669491767000,0,13500.00000000,0.00001850
1626670075381000,0,234.00000000,0.00001846
1626670075612000,0,1780.00000000,0.00001846
1626670089432000,1,15.72043100,0.00001845
1626670160766000,1,18.57839900,0.00001845
1626670233378000,1,20.20278200,0.00001845
1626670249772000,1,682.16219100,0.00001845
1626670276422000,1,20.21351800,0.00001845
1626670423367000,1,20.68407700,0.00001846
1626670749933000,1,200.00000000,0.00001846
1626670846509000,0,8930.00000000,0.00001847
1626670846518000,0,926.00000000,0.00001847
1626670931579000,1,68.49594400,0.00001847
1626670953685000,1,20.27285600,0.00001847
1626671381508000,0,2762.00000000,0.00001847
1626671381519000,0,2262.00000000,0.00001847
1626671381702000,0,3502.06541104,0.00001847
1626671382184000,0,7942.00000000,0.00001847
1626671737021000,1,8533.52788537,0.00001847
1626672026948000,0,8535.00000000,0.00001847
1626672295794000,0,0.24078048,0.00001847
1626672295794000,0,8552.75921952,0.00001847
1626672295798000,0,0.43600066,0.00001847
1626672314382000,0,908.63532400,0.00001847
1626672408875000,0,1020.00000000,0.00001848
1626672408895000,1,37.65864000,0.00001847
1626672600129000,0,8542.00000000,0.00001849
1626672864469000,1,534.76993000,0.00001847
1626672927115000,1,415.88565300,0.00001847
1626673080480000,1,2528.42001003,0.00001849
1626673083322000,1,8536.02499479,0.00001849
1626673130794000,0,2228.00000000,0.00001849
1626673130801000,0,321.56673918,0.00001849
1626673190444000,1,2013.30788053,0.00001848
1626673190444000,1,794.69211947,0.00001848
1626673227643000,0,599.58240500,0.00001849
1626673270547000,0,250.00000000,0.00001848
1626673381118000,0,115.27414800,0.00001846
1626673543640000,1,500.00000000,0.00001845
1626673604937000,0,43.46617700,0.00001843
1626673605058000,0,197.47094900,0.00001843
1626673666765000,0,115.25539100,0.00001843
1626673767596000,0,11628.00000000,0.00001842
1626673769677000,0,0.69069324,0.00001842
1626673805848000,1,114.39553576,0.00001842
1626673817166000,0,114.95789200,0.00001843
1626673893683000,0,98.87651200,0.00001843
1626674365983000,1,157.21277100,0.00001845
1626674407667000,0,1688.32292300,0.00001845
1626674453989000,1,68.31546600,0.00001846
1626674518394000,0,1545.49414200,0.00001846
1626674718455000,1,1700.07207500,0.00001844
1626674962271000,0,329.00000000,0.00001846
1626674962381000,0,1359.32292300,0.00001846
1626674993247000,1,70.33740800,0.00001845
1626675034455000,1,319.27554600,0.00001845
1626675762728000,1,34.55284500,0.00001844
1626675762728000,1,8496.11218941,0.00001844
1626675902471000,0,8530.00000000,0.00001845
1626676359554000,0,284.00000000,0.00001846
1626677135962000,0,8531.17221462,0.00001846
1626677135962000,0,4400.00000000,0.00001846
1626677136049000,1,2760.97832438,0.00001846
1626677417363000,0,92.13400000,0.00001846
1626677846243000,1,25.31995600,0.00001843
1626677858343000,0,2015.53695700,0.00001845
1626678050191000,0,229.89930400,0.00001845
1626678367909000,1,58.53439300,0.00001845
1626678436236000,1,4400.00000000,0.00001846
1626678436236000,1,500.00000000,0.00001846
1626678436236000,1,3100.00000000,0.00001846
1626678468808000,1,96.68039000,0.00001846
1626678630595000,1,2000.75000000,0.00001846
1626678775212000,0,1128.00000000,0.00001846
1626678775264000,0,1370.00000000,0.00001846
1626678775438000,0,1731.90000000,0.00001846
1626678946531000,0,63.32995891,0.00001846
1626679467502000,0,114.83015700,0.00001845
1626679469987000,0,114.89239500,0.00001845
1626679807282000,0,947.34817587,0.00001845
1626679813147000,0,2087.58065400,0.00001846
1626680367781000,1,92.13400000,0.00001844
1626680378023000,1,23.13992500,0.00001844
1626680584762000,1,4400.00000000,0.00001844
1626680584762000,1,600.00000000,0.00001844
1626680914400000,0,115.27202400,0.00001845
1626681015471000,0,18.32588800,0.00001845
1626681016779000,0,230.66900400,0.00001845
1626681037776000,0,115.33450200,0.00001845
1626681060066000,0,115.33450200,0.00001845
1626681068599000,0,1670.82894900,0.00001845
1626681080572000,0,11.52664800,0.00001845
1626682007042000,0,115.45393600,0.00001844
1626682581792000,0,11.43365600,0.00001845
1626682601903000,0,11.31250300,0.00001845
1626682623083000,0,115.37116700,0.00001845
1626682684457000,0,115.39704800,0.00001844
1626682697533000,0,4965.00000000,0.00001844
1626682746602000,0,230.66900400,0.00001845
1626683252738000,0,115.33556500,0.00001845
1626683310432000,0,397.80753400,0.00001845
1626683586854000,0,161.75000000,0.00001845
1626683726486000,1,115.45021400,0.00001844
1626683742086000,0,19.71732700,0.00001844
1626683747865000,0,115.45021400,0.00001844
1626683768191000,0,17.30891700,0.00001844
1626683789068000,0,230.90042800,0.00001844
1626683892577000,0,2838.60108000,0.00001844
1626683892689000,0,11.33724600,0.00001844
1626683933058000,0,57.72723400,0.00001843
1626683953580000,0,230.97051700,0.00001843
1626683954239000,0,14.27842200,0.00001843
1626683996318000,0,115.51658100,0.00001843
1626684060606000,0,30.04816800,0.00001844
1626684065703000,1,21.37761500,0.00001843
1626684065703000,1,113.35844100,0.00001843
1626684100870000,0,18.27814600,0.00001844
1626684161969000,0,17.48922300,0.00001843
1626684182797000,0,317.39172000,0.00001843
1626684186094000,0,119.02748000,0.00001843
1626684228017000,0,115.51658100,0.00001843
1626684248468000,0,115.51658100,0.00001843
1626684268062000,0,32.59391600,0.00001843
1626684268261000,0,2174.50153500,0.00001843
1626684269688000,1,14.67543973,0.00001842
1626684289634000,0,115.51658100,0.00001842
1626684313757000,0,255.59337600,0.00001842
1626684331461000,0,115.60430900,0.00001842
1626684394510000,0,19.56180700,0.00001841
1626684394731000,0,23.10977600,0.00001841
1626684400469000,1,637.60170510,0.00001841
1626684438606000,0,115.58520300,0.00001842
1626684451299000,1,115.71023800,0.00001841
1626684480626000,0,11.35988700,0.00001841
1626684501791000,0,159.17779300,0.00001841
1626684502188000,0,115.75017800,0.00001841
1626684522637000,0,115.75017800,0.00001841
1626684543326000,0,115.75071000,0.00001840
1626684545449000,1,3793.75000000,0.00001838
1626684649185000,1,4327.39829490,0.00001839
1626684675462000,0,115.81841400,0.00001840
1626684694364000,0,19.91581400,0.00001840
1626684785501000,0,39.84654700,0.00001838
1626684806644000,0,39.87567800,0.00001839
1626684829511000,1,28.43137200,0.00001839
1626684849485000,0,159.16152200,0.00001839
1626684849732000,0,113.72549000,0.00001839
1626684870490000,0,119.57905500,0.00001839
1626684892722000,0,116.00400900,0.00001839
1626684978081000,0,116.06712300,0.00001838
1626685128847000,0,116.01680300,0.00001838
1626685170420000,0,11.38812400,0.00001837
1626685191118000,0,116.14311400,0.00001837
1626685232534000,0,114.02115500,0.00001834
1626685253331000,0,16.51912600,0.00001834
1626685339047000,0,232.35187200,0.00001836
1626685396702000,0,11.63747900,0.00001837
1626685498232000,0,125.36858000,0.00001838
1626685640267000,0,137.26591600,0.00001837
1626685844817000,0,232.05226100,0.00001840
1626686021009000,0,116.17567100,0.00001841
1626686065222000,0,116.17673600,0.00001841
1626686065466000,0,11.38234700,0.00001841
1626686217669000,0,46.88095700,0.00001841
1626686245068000,1,456.00000000,0.00001841
1626686251509000,1,0.36455600,0.00001841
1626686257860000,1,5581.00000000,0.00001840
1626686257918000,1,0.56201900,0.00001840
1626686282980000,0,116.21000100,0.00001841
1626686302948000,0,116.27312500,0.00001841
1626686594498000,0,114.50535600,0.00001839
1626686596203000,0,116.17407100,0.00001839
1626686596545000,0,23.92178100,0.00001839
1626686658921000,0,105.96653700,0.00001839
1626686680667000,0,116.20072700,0.00001839
1626686703845000,0,116.20072700,0.00001840
1626686836754000,0,967.18851400,0.00001839
1626686853039000,1,39.97204900,0.00001838
1626686859246000,0,116.21405400,0.00001839
1626686882188000,0,20.38405300,0.00001838
1626686904674000,0,1002.57850500,0.00001838
1626686925069000,0,116.09623700,0.00001839
1626686951763000,0,513.38624600,0.00001839
1626686988444000,0,116.09303800,0.00001838
1626687009883000,0,1066.34466600,0.00001839
1626687072327000,0,100.34206800,0.00001839
1626687074981000,1,575.20536665,0.00001837
1626687075152000,1,1461.72287359,0.00001837
1626687075152000,1,5090.27712641,0.00001837
1626687075232000,1,0.15671123,0.00001837
1626687199986000,0,199.95468500,0.00001838
1626687246321000,0,34.69990800,0.00001837
1626687248101000,0,100.03200400,0.00001837
1626687268875000,1,114.00000000,0.00001837
1626687268978000,1,0.08660300,0.00001837
1626687269398000,1,116.00000000,0.00001837
1626687311260000,0,27.17289000,0.00001838
1626687420157000,0,988.21735600,0.00001838
1626687420294000,0,120.56742100,0.00001838
1626687612393000,0,116.33577700,0.00001838
1626687635338000,1,1713.00000000,0.00001838
1626687635403000,1,0.33696200,0.00001838
1626687674486000,0,1119.47296500,0.00001839
1626687940807000,0,116.19326300,0.00001839
1626688004225000,0,116.35926000,0.00001839
1626688027121000,0,2601.00000000,0.00001838
1626688037089000,1,3869.80000000,0.00001836
1626688037089000,1,13262.67561961,0.00001836
1626688037089000,1,37588.00000000,0.00001836
1626688037089000,1,5103.16069918,0.00001836
1626688037089000,1,2041.30567681,0.00001836
1626688050620000,0,116.34679900,0.00001837
1626688092668000,0,232.82020000,0.00001837
1626688092767000,0,23.31231700,0.00001837
1626688115773000,0,116.41010000,0.00001837
1626688115994000,0,11.64412400,0.00001837
1626688137794000,1,199.98700200,0.00001833
1626688149397000,0,69.56396700,0.00001835
1626688177492000,0,116.52615200,0.00001835
1626688177587000,0,16.28145500,0.00001835
1626688199344000,0,17.47021400,0.00001834
1626688199700000,0,116.52615200,0.00001834
1626688305838000,0,116.58968900,0.00001832
1626688327446000,0,116.78071500,0.00001831
1626688335650000,1,76.11480000,0.00001828
1626688339501000,1,0.00007800,0.00001828
1626688341889000,0,169.65677600,0.00001827
1626688364796000,1,321.00000000,0.00001827
1626688364803000,1,0.85419700,0.00001827
1626688379926000,1,13.09349600,0.00001827
1626688405856000,0,4158.00000000,0.00001825
1626688405894000,0,0.80000000,0.00001825
1626688452124000,1,2054.71544919,0.00001826
1626688452124000,1,5136.28455081,0.00001826
1626688499055000,0,62.84056200,0.00001827
1626688518110000,0,46.23991700,0.00001828
1626688538838000,0,11.50673600,0.00001828
1626688562874000,0,116.97290500,0.00001828
1626688713089000,1,116.91230100,0.00001829
1626688724544000,0,16.28735000,0.00001830
1626688754239000,0,116.84453000,0.00001831
1626688796228000,0,3069.00000000,0.00001830
1626688796239000,0,926.00000000,0.00001830
1626688796249000,0,7753.18664728,0.00001830
1626688835876000,1,40.19170000,0.00001830
1626689044115000,0,116.58968900,0.00001834
1626689108208000,1,113.00000000,0.00001835
1626689108257000,1,0.24225100,0.00001835
1626689649891000,1,1177.75351200,0.00001833
1626689716720000,1,3569.00000000,0.00001833
1626690246828000,1,116.00000000,0.00001832
1626690247021000,1,0.84861700,0.00001832
1626690366099000,0,116.75380000,0.00001833
1626690483814000,0,116.75380000,0.00001834
1626690520508000,0,116.75380000,0.00001834
1626690743854000,0,2052.97805119,0.00001832
1626690743854000,0,5132.44512798,0.00001832
1626690743854000,0,54.23989083,0.00001832
1626690954086000,0,120.31599300,0.00001833
1626691285188000,0,1552.69342000,0.00001829
1626691527602000,1,80.00850000,0.00001829
1626691533083000,1,0.00007100,0.00001829
1626691554609000,1,4400.00000000,0.00001827
1626691554609000,1,12259.00000000,0.00001827
1626691554631000,1,0.46036528,0.00001827
1626691732504000,0,117.09947600,0.00001829
1626691775701000,0,23.15827800,0.00001829
1626691805436000,0,12236.00000000,0.00001830
1626691805441000,0,0.30208728,0.00001830
1626691925516000,0,117.04147500,0.00001831
1626691930129000,0,90.42471100,0.00001830
1626691996094000,0,654.68848200,0.00001831
1626692005921000,1,17.47885400,0.00001830
1626692005921000,1,4399.52114600,0.00001829
1626692005957000,1,0.47885400,0.00001829
1626692031981000,0,201.21812700,0.00001828
1626692076067000,0,20.16293300,0.00001827
1626692078601000,1,2063.00000000,0.00001825
1626692078623000,1,0.43547988,0.00001825
1626692082487000,1,520.00000000,0.00001823
1626692103338000,0,117.23355600,0.00001825
1626692113059000,1,4400.00000000,0.00001825
1626692134013000,1,4400.00000000,0.00001825
1626692134013000,1,2064.00000000,0.00001825
1626692192095000,0,115.34784400,0.00001824
1626692201452000,1,0.80864015,0.00001823
1626692280165000,0,260.44012700,0.00001823
1626692300151000,1,351.00000000,0.00001823
1626692300234000,1,228.48705500,0.00001823
1626692421508000,0,4188.10000000,0.00001827
1626692509689000,0,203.27544400,0.00001828
1626692530619000,0,630.03047900,0.00001828
1626692603587000,1,117.00000000,0.00001827
1626692701376000,0,117.32419400,0.00001828
1626692701871000,0,23.25642300,0.00001828
1626692742702000,0,35.02863900,0.00001828
1626693604687000,0,265.00000000,0.00001825
1626693604839000,0,4135.00000000,0.00001825
1626693902983000,1,12259.00000000,0.00001822
1626693905173000,0,226.64000000,0.00001823
1626693972387000,0,23.11769000,0.00001824
1626693993131000,1,117.40626000,0.00001824
1626693993131000,1,39.59374000,0.00001824
1626694018296000,1,0.79691100,0.00001824
1626694118128000,1,117.00000000,0.00001824
1626694118179000,1,0.53042200,0.00001824
1626694855939000,0,12.58223600,0.00001824
1626694897105000,0,117.23986000,0.00001824
1626694918603000,0,117.30413600,0.00001824
1626695030019000,0,5784.52872300,0.00001823
1626695132705000,1,8748.41657263,0.00001821
1626695132705000,1,4400.00000000,0.00001821
1626695132705000,1,3756.20000000,0.00001821
1626695132705000,1,5160.72035095,0.00001821
1626695132705000,1,2063.67939606,0.00001821
1626695132705000,1,500.00000000,0.00001821
1626695132782000,0,5249.76139036,0.00001821
1626695166262000,0,1707.48301500,0.00001823
1626695209707000,0,4400.00000000,0.00001824
1626695209707000,0,4160.40000000,0.00001824
1626695209707000,0,2996.13266300,0.00001824
1626695397344000,0,635.68648900,0.00001824
1626695462974000,1,4002.00000000,0.00001821
1626695462974000,1,2066.32225814,0.00001821
1626695462974000,1,5162.67774186,0.00001821
1626695463005000,1,0.92791218,0.00001821
1626695477206000,1,4400.00000000,0.00001820
1626695477206000,1,2067.71073197,0.00001820
1626695477206000,1,500.00000000,0.00001820
1626695477206000,1,3772.72177303,0.00001820
1626695525752000,0,117.63630300,0.00001823
1626695530946000,0,637.05619000,0.00001823
1626695653145000,0,58.89728700,0.00001821
1626695792620000,0,2068.84285262,0.00001820
1626695869031000,0,117.76718300,0.00001820
1626695954972000,0,117.99092300,0.00001819
1626695955198000,0,216.01378300,0.00001819
1626695971323000,1,522.00000000,0.00001817
1626695971420000,1,0.52842653,0.00001817
1626695980864000,1,140.00000000,0.00001817
1626696008905000,1,3953.69240387,0.00001816
1626696033619000,0,48.36295800,0.00001816
1626696142514000,1,2074.73180647,0.00001815
1626696158770000,0,4169.00000000,0.00001818
1626696158776000,0,0.30000000,0.00001818
1626696225804000,0,1543.87107000,0.00001820
1626696258971000,0,892.00000000,0.00001821
1626696258974000,0,3812.00000000,0.00001821
1626696259048000,0,7555.46036528,0.00001821
1626696518320000,1,17.17949800,0.00001823
1626696603655000,1,18.64105700,0.00001824
1626696907559000,1,230.57663244,0.00001822
1626696907579000,1,4.70564556,0.00001822
1626696967107000,1,12259.00000000,0.00001817
1626696967111000,1,0.46036528,0.00001817
1626696969304000,1,3406.00000000,0.00001816
1626696969324000,1,994.00000000,0.00001816
1626697052541000,0,118.00189800,0.00001818
1626697096665000,1,23.03795200,0.00001818
1626697211459000,0,137.25651900,0.00001818
1626697641006000,0,957.00000000,0.00001818
1626697700739000,0,118.00189800,0.00001818
1626697866830000,1,1075.00000000,0.00001814
1626697870095000,1,523.00000000,0.00001813
1626697870525000,1,2146.85585286,0.00001813
1626697870742000,1,523.97028201,0.00001812
1626697870742000,1,2671.44947951,0.00001811
1626697870742000,1,2687.58023848,0.00001811
1626697872086000,0,13.99869900,0.00001811
1626697874985000,1,2647.68512901,0.00001808
1626697875531000,1,2667.00000000,0.00001807
1626697889002000,0,4400.00000000,0.00001812
1626697892584000,1,3471.00000000,0.00001811
1626697899172000,0,74.00000000,0.00001813
1626697911119000,0,4400.00000000,0.00001813
1626698061442000,0,118.45765300,0.00001812
1626698070694000,0,118.64151800,0.00001811
1626698070824000,0,105.46682200,0.00001811
1626698084502000,0,3321.00000000,0.00001810
1626698084553000,0,874.40000000,0.00001810
1626698095658000,0,4400.00000000,0.00001809
1626698096299000,0,8915.14992207,0.00001810
1626698096299000,0,8884.60531139,0.00001811
1626698096299000,0,1701.87119000,0.00001811
1626698106050000,0,500.00000000,0.00001816
1626698109937000,0,3829.50000000,0.00001818
1626698111635000,1,12245.45976000,0.00001817
1626698111670000,0,3829.50000000,0.00001818
1626698125607000,0,3829.50000000,0.00001823
1626698145071000,0,5236.29270540,0.00001824
1626698145071000,0,3829.50000000,0.00001824
1626698145071000,0,1812.20729460,0.00001824
1626698160237000,1,12259.46035700,0.00001821
1626698197524000,0,2096.00000000,0.00001821
1626698245710000,1,291.00000000,0.00001818
1626698246170000,1,0.08965200,0.00001818
1626698246381000,1,2107.62789578,0.00001816
1626698246381000,1,5266.50650588,0.00001816
1626698264128000,1,4188.00000000,0.00001813
1626698282815000,0,103.06675700,0.00001816
1626698284982000,0,238.69884000,0.00001816
1626698306169000,0,570.05521800,0.00001813
1626698320478000,0,2111.25687737,0.00001815
1626698321504000,0,12259.00000000,0.00001815
1626698322446000,0,19795.00000000,0.00001816
1626698322490000,0,19797.00000000,0.00001816
1626698337758000,1,1161.62620000,0.00001815
1626698338508000,1,11097.37380000,0.00001815
1626698338508000,1,298.62620000,0.00001815
1626698338523000,1,0.36371500,0.00001815
1626698350830000,1,2106.00000000,0.00001816
1626698367518000,1,4400.00000000,0.00001815
1626698367518000,1,1723.41806000,0.00001815
1626698367518000,1,2107.15532127,0.00001815
1626698367518000,1,5267.88830317,0.00001815
1626698367518000,1,549.53831556,0.00001815
1626698459075000,1,4400.00000000,0.00001814
1626698590430000,0,5258.73952000,0.00001818
1626698745907000,0,2800.00000000,0.00001815
1626698819469000,0,3816.10000000,0.00001817
1626698871392000,1,59.40145500,0.00001817
1626698933422000,1,1740.00000000,0.00001815
1626698979202000,1,869.73629800,0.00001815
1626699044478000,1,3612.07303200,0.00001816
1626699102376000,0,243.00000000,0.00001817
1626699102399000,0,0.70580000,0.00001817
1626699108025000,0,247.00000000,0.00001817
1626699117359000,0,0.16151200,0.00001817
1626699175900000,1,100.00000000,0.00001816
1626699192172000,1,687.92696800,0.00001816
1626699192172000,1,8943.35600799,0.00001816
1626699192172000,1,4123.20000000,0.00001816
1626699192172000,1,26366.51528201,0.00001816
1626699208777000,0,1250.00000000,0.00001818
1626699213780000,1,27.16631300,0.00001816
1626699214728000,1,4372.00000000,0.00001816
1626699214849000,1,2107.49720397,0.00001816
1626699305068000,1,2106.31219893,0.00001817
1626699305068000,1,1671.68780107,0.00001817
1626699305068000,1,508.00000000,0.00001817
1626699305071000,1,3086.09269624,0.00001817
1626699308922000,1,5265.78049731,0.00001817
1626699308922000,1,550.00000000,0.00001817
1626699308922000,1,4400.00000000,0.00001817
1626699308922000,1,4400.00000000,0.00001816
1626699308922000,1,8929.38147939,0.00001816
1626699308922000,1,1261.74329830,0.00001816
1626699389492000,0,1489.00000000,0.00001820
1626699466706000,1,2105.33584739,0.00001819
1626699466706000,1,1395.66415261,0.00001819
1626699697308000,0,2111.00000000,0.00001819
1626699699637000,0,2111.21135143,0.00001819
1626699702889000,1,119.50436000,0.00001819
1626699723234000,1,19308.00000000,0.00001817
1626699723792000,0,4400.00000000,0.00001818
1626699723792000,0,2112.59275208,0.00001818
1626699723792000,0,12259.46036528,0.00001818
1626699723865000,1,6340.15580000,0.00001818
1626699724040000,1,3189.15108264,0.00001818
1626699725162000,0,2112.65060413,0.00001818
1626699725162000,0,4400.00000000,0.00001818
1626699725162000,0,5280.93318230,0.00001818
1626699784650000,1,4400.00000000,0.00001814
1626699800486000,1,8934.00000000,0.00001814
1626699803568000,0,2116.71501778,0.00001814
1626699856717000,1,145.61965100,0.00001815
1626699857943000,1,1499.79920000,0.00001815
1626699861214000,1,1063.12569650,0.00001815
1626699861214000,1,436.67324016,0.00001814
1626699863886000,1,2111.00000000,0.00001815
1626699870552000,1,1499.79904713,0.00001815
1626699873889000,1,1280.97406935,0.00001815
1626699877188000,1,63.94880000,0.00001815
1626699894988000,0,140.00000000,0.00001818
1626699898392000,0,12119.00000000,0.00001818
1626699917197000,1,17.53526600,0.00001817
1626699937282000,0,2111.30049000,0.00001819
1626699937282000,0,0.00000054,0.00001819
1626699961663000,1,181.53219900,0.00001818
1626700032048000,1,11.05640700,0.00001819
1626700044516000,1,2651.00000000,0.00001820
1626700044598000,1,0.76202724,0.00001820
1626700068693000,1,1617.26893600,0.00001819
1626700086046000,0,339.23000000,0.00001821
1626700096240000,1,391.59146400,0.00001820
1626700096418000,1,26.32942700,0.00001820
1626700181856000,1,949.00000000,0.00001818
1626700181858000,1,617.00000000,0.00001818
1626700181870000,1,436.00000000,0.00001818
1626700182036000,1,108.43639085,0.00001818
1626700182036000,1,5276.17814833,0.00001818
1626700186173000,1,6176.00000000,0.00001817
1626700187354000,1,6083.00000000,0.00001817
1626700444745000,0,1583.08918236,0.00001817
1626700444759000,0,2580.59820884,0.00001817
1626700444796000,0,1716.77157803,0.00001817
1626700510261000,0,197.60000000,0.00001818
1626700516158000,0,385.35396087,0.00001818
1626700525157000,0,631.38169000,0.00001818
1626700530816000,1,25.82292800,0.00001817
1626700553609000,1,820.40103900,0.00001817
1626700554197000,1,35.56838200,0.00001817
1626700587110000,1,2112.34466219,0.00001815
1626700587110000,1,5280.65533781,0.00001815
1626700603796000,0,78.54165900,0.00001815
1626700603796000,0,28.92252000,0.00001815
1626700603796000,0,2428.53582100,0.00001815
1626700603824000,0,1971.46417900,0.00001815
1626700630434000,1,70.84997200,0.00001814
1626700685221000,1,60.00000000,0.00001813
1626700687216000,0,33.31542438,0.00001814
1626700737645000,0,4400.00000000,0.00001815
1626700737934000,0,5270.40305954,0.00001816
1626700737934000,0,2107.59694046,0.00001816
1626700761795000,1,21.23612800,0.00001815
1626700856129000,1,501.84941900,0.00001817
1626700903718000,1,21.43555900,0.00001817
1626700982706000,1,197.60000000,0.00001817
1626701078834000,1,11.64421800,0.00001817
1626701079054000,1,700.00000000,0.00001817
1626701081166000,1,100.00000000,0.00001817
1626701094748000,1,21.49211600,0.00001817
1626701121669000,1,12.02244600,0.00001817
1626701186482000,1,383.98712700,0.00001817
1626701322437000,0,64.65526500,0.00001817
1626701322437000,0,413.34473500,0.00001817
1626701322457000,0,0.45738100,0.00001817
1626701361369000,1,14.78045200,0.00001817
1626701649261000,1,411.00000000,0.00001817
1626701649285000,1,3733.00000000,0.00001817
1626701687417000,1,512.86648400,0.00001817
1626701703264000,1,1312.85505400,0.00001817
1626701713711000,1,1335.64433400,0.00001817
1626701729766000,1,182.33863000,0.00001817
1626701732179000,1,16.36208700,0.00001817
1626701789067000,1,61.26900100,0.00001819
1626701978495000,1,861.38258200,0.00001817
1626702084580000,1,1509.33653358,0.00001816
1626702084641000,1,1095.46420704,0.00001816
1626702084798000,1,142.18887665,0.00001816
1626702115454000,1,4279.80000000,0.00001812
1626702115830000,1,5065.32441713,0.00001811
1626702115909000,1,253.24812157,0.00001811
1626702115909000,1,66.95187842,0.00001811
1626702115950000,1,548.89075448,0.00001811
1626702115969000,1,961.52349090,0.00001811
1626702189465000,1,13805.94202222,0.00001817
1626702189465000,1,5309.97770085,0.00001817
1626702189465000,1,2124.95361360,0.00001817
1626702190152000,1,4368.90000000,0.00001816
1626702190152000,1,6814.06420706,0.00001816
1626702190154000,1,32693.93579294,0.00001816
1626702208094000,0,20.69900000,0.00001818
1626702208185000,0,0.00067800,0.00001818
1626702229116000,1,3689.00000000,0.00001817
1626702418321000,1,118.74086507,0.00001815
1626702655794000,0,8994.39214000,0.00001818
1626702655821000,0,0.00000129,0.00001818
1626702683141000,0,4400.00000000,0.00001819
1626702808553000,1,1000.45814978,0.00001816
1626702808592000,1,1720.30671806,0.00001816
1626702954538000,0,3978.00000000,0.00001818
1626702954590000,0,0.10000000,0.00001818
1626703114672000,0,11.84136600,0.00001815
1626703131247000,0,4400.00000000,0.00001815
1626703139756000,1,6772.05830295,0.00001815
1626703139949000,1,2058.19834711,0.00001815
1626703202954000,1,3604.85611907,0.00001814
1626703387961000,1,625.46684900,0.00001818
1626703465821000,1,20.69900000,0.00001820
1626703467142000,0,2120.90045000,0.00001821
1626703467157000,0,0.00000030,0.00001821
1626703529374000,1,2735.00000000,0.00001820
1626703529457000,1,0.42371512,0.00001820
1626703551020000,1,1473.00000000,0.00001820
1626703551108000,1,1189.00000000,0.00001820
1626703551726000,1,2676.73253000,0.00001821
1626703568016000,1,2660.00000000,0.00001821
1626703601802000,0,2655.80724000,0.00001822
1626703610565000,1,2694.00000000,0.00001824
1626703610634000,1,0.18732422,0.00001824
1626703705872000,0,46.70500000,0.00001826
1626703705927000,0,0.00052400,0.00001826
1626703705945000,0,2117.37883581,0.00001827
1626703705945000,0,5293.52810247,0.00001827
1626703707274000,0,4201.80000000,0.00001830
1626703719845000,0,4201.80000000,0.00001830
1626703719845000,0,4399.20000000,0.00001830
1626703721901000,1,2113.08280691,0.00001829
1626703722066000,1,2113.00000000,0.00001829
1626703722076000,1,571.30811246,0.00001829
1626703752977000,0,557.00000000,0.00001827
1626703753054000,0,0.69038300,0.00001827
1626703831088000,0,394.00000000,0.00001827
1626703831188000,0,0.63598500,0.00001827
1626703888802000,0,6500.00000000,0.00001828
1626703909103000,0,171.59889800,0.00001829
1626703910264000,0,321.15458800,0.00001829
1626703916697000,1,46.70500000,0.00001828
1626704057965000,1,824.37071100,0.00001825
1626704080970000,1,188.01509200,0.00001826
1626704136823000,1,443.12671800,0.00001826
1626704188261000,1,2115.30603041,0.00001826
1626704242779000,0,5760.00000000,0.00001826
1626704242779000,0,9500.00000000,0.00001826
1626704258315000,1,2113.75880000,0.00001826
1626704286813000,0,10000.00000000,0.00001826
1626704286813000,0,8943.00000000,0.00001826
1626704286888000,0,0.66434208,0.00001826
1626704295971000,1,2114.95063000,0.00001825
1626704306299000,0,8942.90120750,0.00001826
1626704312973000,0,2699.00000000,0.00001826
1626704312996000,0,0.27842486,0.00001826
1626704416557000,0,7500.00000000,0.00001826
1626704416557000,0,8967.00000000,0.00001826
1626704418154000,0,0.55217003,0.00001826
1626704418154000,0,3188.44782997,0.00001826
1626704418285000,0,5779.10434006,0.00001826
1626704474118000,1,2120.32152000,0.00001825
1626704475845000,1,2119.94415000,0.00001826
1626704479778000,1,5275.08337000,0.00001826
1626704485189000,1,2110.30865000,0.00001826
1626704487873000,1,5274.09303000,0.00001826
1626704488021000,1,2109.63721000,0.00001826
1626704488193000,1,0.00000307,0.00001826
1626704488193000,1,5274.09302693,0.00001826
1626704491584000,1,2110.47481000,0.00001826
1626704493490000,1,0.00000664,0.00001826
1626704493490000,1,5274.09302336,0.00001826
1626704510432000,1,4400.00000000,0.00001825
1626704513274000,1,2110.79254561,0.00001825
1626704513274000,1,5276.98135439,0.00001825
1626704538939000,1,4400.00000000,0.00001824
1626704538939000,1,2112.71343000,0.00001824
1626704556303000,0,629.75699500,0.00001825
1626704567422000,1,1430.25423300,0.00001823
1626704577065000,1,2965.16675000,0.00001823
1626704582925000,1,0.00000443,0.00001823
1626704582925000,1,2113.66995557,0.00001823
1626704590352000,0,77.00787900,0.00001824
1626704598307000,1,2114.36933000,0.00001823
1626704635193000,1,2111.19940616,0.00001825
1626704645744000,0,5277.99850384,0.00001825
1626704645744000,0,8935.00149616,0.00001825
1626704647282000,0,3324.45886912,0.00001825
1626704647282000,0,1998.54113088,0.00001825
1626704647333000,0,6958.89572413,0.00001825
1626704664925000,0,2466.00000000,0.00001826
1626704665570000,1,2115.79967995,0.00001825
1626704665570000,1,5289.49918005,0.00001825
1626704671151000,1,1309.00000000,0.00001825
1626704671171000,1,299.00000000,0.00001825
1626704671250000,1,392.00000000,0.00001825
1626704728498000,1,2668.62070000,0.00001824
1626704900744000,0,1115.30000000,0.00001821
1626704929917000,0,197.60000000,0.00001820
1626704930231000,0,211.52439807,0.00001820
1626704938568000,0,813.50748093,0.00001820
1626705237082000,0,4400.00000000,0.00001821
1626705365815000,0,171.42000000,0.00001819
1626705457406000,0,8791.03614184,0.00001819
1626705457406000,0,2858.39186716,0.00001819
1626705457912000,0,1541.60813284,0.00001819
1626705705988000,0,316.30938000,0.00001821
1626705725892000,0,168.99000000,0.00001822
1626705731233000,0,1932.84632272,0.00001822
1626705755073000,0,197.27164100,0.00001822
1626705762091000,1,144.21571400,0.00001821
1626705765604000,0,9302.72835900,0.00001822
1626705978558000,1,2110.74866039,0.00001821
1626705997853000,1,13.82360000,0.00001821
1626706069315000,1,367.41464900,0.00001821
1626706172605000,1,2103.65359000,0.00001826
1626706174313000,0,25284.28000000,0.00001827
1626706231595000,1,2103.00000000,0.00001826
1626706276294000,0,1823.01205700,0.00001827
1626706579725000,1,12259.00000000,0.00001825
1626706625239000,0,170.26000000,0.00001826
1626706654881000,1,5272.00106214,0.00001822
1626706654881000,1,2109.14566669,0.00001822
1626706654881000,1,4400.00000000,0.00001822
1626706698861000,1,2109.72812117,0.00001822
1626706698861000,1,5274.23628624,0.00001822
1626706772499000,1,2105.71681426,0.00001822
1626706785310000,0,20.49363600,0.00001823
1626706790330000,1,2106.00000000,0.00001821
1626706790347000,1,0.89615119,0.00001821
1626706800772000,0,2105.99999881,0.00001821
1626706800772000,0,5999.00000119,0.00001821
1626706802684000,0,891.00000000,0.00001822
1626706917122000,0,119.43951400,0.00001820
1626706965289000,1,1951.00000000,0.00001818
1626707105823000,0,82.53986200,0.00001819
1626707106448000,1,2110.47999516,0.00001817
1626707124100000,1,2109.00000000,0.00001816
1626707148199000,1,407.00000000,0.00001817
1626707148254000,1,0.56224400,0.00001817
1626707165439000,0,1695.59000000,0.00001818
1626707182841000,1,4400.00000000,0.00001816
1626707182841000,1,872.00000000,0.00001816
1626707206392000,0,119.57764400,0.00001816
1626707210644000,0,35.36561300,0.00001816
1626707210775000,0,164.03395200,0.00001816
1626707232897000,0,119.64401300,0.00001816
1626707263421000,0,1271.00000000,0.00001817
1626707263537000,0,9579.00000000,0.00001817
1626707264047000,0,1289.00000000,0.00001817
1626707425201000,0,41.57908300,0.00001819
1626707425412000,0,119.20738600,0.00001819
1626707476766000,1,8775.12340000,0.00001817
1626707476766000,1,155.60089271,0.00001817
1626707481199000,1,58.77709000,0.00001816
1626707485785000,1,12259.03800928,0.00001817
1626707521279000,0,43.22193800,0.00001819
1626707877500000,0,119.11548900,0.00001816
1626707883525000,1,664.00000000,0.00001816
1626707883650000,1,1782.04473900,0.00001816
1626707925026000,0,119.14705300,0.00001816
1626707964635000,0,17.50289200,0.00001816
1626708049624000,0,40.93447800,0.00001815
1626708064811000,0,2691.19000000,0.00001815
1626708244866000,0,2105.90681169,0.00001816
1626708244866000,0,2945.88318831,0.00001816
1626708255967000,1,205.67068200,0.00001814
1626708461761000,1,20.51266400,0.00001817
1626708572140000,0,254.00000000,0.00001819
1626708572196000,0,254.00000000,0.00001819
1626708575965000,0,944.00000000,0.00001820
1626708659991000,0,5261.79758159,0.00001820
1626708659991000,0,9249.20241841,0.00001820
1626708659997000,0,2383.14245787,0.00001820
1626708739965000,0,103.00000000,0.00001819
1626708750396000,0,118.74523800,0.00001819
1626708763634000,0,721.86772900,0.00001819
1626708838531000,1,678.00000000,0.00001817
1626708842700000,1,11581.00000000,0.00001817
1626708976984000,1,4400.00000000,0.00001816
1626708976984000,1,550.00000000,0.00001816
1626708976984000,1,5268.13388564,0.00001816
1626708976984000,1,205.85604636,0.00001816
1626709332460000,1,41.05000000,0.00001817
1626709345440000,1,0.00035000,0.00001817
1626709463804000,1,2111.00000000,0.00001815
1626709463867000,1,0.24753593,0.00001815
1626709508807000,0,4400.00000000,0.00001816
1626709508807000,0,2111.43501580,0.00001816
1626709508807000,0,2420.62601900,0.00001816
1626710301443000,0,4427.30000000,0.00001819
1626710405210000,1,4400.00000000,0.00001818
1626710405210000,1,2116.36226608,0.00001818
1626710484404000,1,1873.00000000,0.00001816
1626710484429000,1,150.00000000,0.00001816
1626710601023000,1,4400.00000000,0.00001813
1626710654285000,1,550.00000000,0.00001813
1626710654564000,0,16.52892500,0.00001815
1626710656368000,1,7000.00000000,0.00001813
1626710656368000,1,4400.00000000,0.00001813
1626711604833000,0,502.39000000,0.00001818
1626711724935000,0,12259.00000000,0.00001818
1626711770250000,0,4155.40000000,0.00001819
1626711770250000,0,1386.68544000,0.00001819
1626711816662000,1,35.08538000,0.00001817
1626711919747000,0,1700.00000000,0.00001817
1626711919802000,0,0.77265300,0.00001817
1626712230325000,0,120.03565000,0.00001815
1626712321038000,1,8942.00000000,0.00001813
1626712427029000,1,414.00000000,0.00001812
1626712427531000,1,2903.00000000,0.00001812
1626712445282000,0,1703.25000000,0.00001812
1626712741473000,0,24.06481000,0.00001811
1626713263035000,0,41.05000000,0.00001811
1626713329273000,0,4219.00000000,0.00001812
1626713355214000,1,4000.00000000,0.00001811
1626713363249000,1,2123.39007207,0.00001811
1626713462176000,1,200.60000000,0.00001811
1626713652457000,1,139.31861100,0.00001814
1626714435444000,0,4400.00000000,0.00001813
1626714435444000,0,8994.00000000,0.00001813
1626714435530000,0,0.26976506,0.00001813
1626714437181000,0,6343.00000000,0.00001813
1626714437283000,0,2651.26976506,0.00001813
1626714577200000,0,2122.03716574,0.00001812
1626714577200000,0,5305.16926207,0.00001812
1626714616764000,0,866.00000000,0.00001812
1626714616818000,0,0.28526300,0.00001812
1626714785757000,0,339.23000000,0.00001814
1626715454014000,0,314.00000000,0.00001817
1626716045294000,0,500.02000000,0.00001816
1626716125039000,0,2111.12758142,0.00001816
1626716196025000,0,174.00000000,0.00001816
1626716196078000,0,0.05776100,0.00001816
1626716465242000,0,4077.00000000,0.00001817
1626716465275000,0,0.20000000,0.00001817
1626716582224000,0,926.00000000,0.00001818
1626716765747000,0,168.59000000,0.00001820
1626716834154000,1,197.60000000,0.00001818
1626716934399000,0,22.00000000,0.00001818
1626717557458000,1,204.77083636,0.00001816
1626717905183000,0,4400.00000000,0.00001819
1626718086085000,0,168.67000000,0.00001818
1626718265764000,0,800.02000000,0.00001818
1626718567697000,0,4400.00000000,0.00001818
1626718567697000,0,12259.00000000,0.00001818
1626718592151000,1,13.78880000,0.00001817
1626719345393000,0,337.45000000,0.00001821
1626719474300000,1,12259.00000000,0.00001819
1626719474309000,1,0.46036528,0.00001819
1626719581566000,1,550.00000000,0.00001819
1626719585166000,1,550.00000000,0.00001819
1626719585500000,1,550.00000000,0.00001819
1626719585710000,1,550.00000000,0.00001819
1626719906861000,1,554.63501200,0.00001818
1626720094104000,0,50.00000000,0.00001819
1626720216122000,0,2109.27645823,0.00001819
1626720349663000,1,11837.90957000,0.00001816
1626720365716000,0,2000.02000000,0.00001817
1626720431057000,1,8958.89636371,0.00001816
1626720431057000,1,2113.19244911,0.00001816
1626720556339000,0,2655.00000000,0.00001817
1626720556341000,0,1745.00000000,0.00001817
1626720633587000,1,50.00000000,0.00001817
1626720642696000,1,2116.57331959,0.00001816
1626720665453000,0,1699.27000000,0.00001817
1626720759157000,0,22910.89594200,0.00001818
1626720766763000,1,1371.00000000,0.00001817
1626720766776000,1,328.27000000,0.00001817
1626721273710000,1,8882.00530000,0.00001812
1626721273710000,1,4400.00000000,0.00001812
1626721273710000,1,8996.44749999,0.00001812
1626721273710000,1,550.00000000,0.00001812
1626721273710000,1,82.44314201,0.00001812
1626721273885000,1,25.25900700,0.00001814
1626721422799000,0,41.29955900,0.00001816
1626721486823000,0,202.74250600,0.00001816
1626721517011000,1,123.00000000,0.00001816
1626721568872000,1,0.98991500,0.00001816
1626721632929000,0,16.53601900,0.00001816
1626721650567000,1,1284.01912224,0.00001814
1626721653133000,0,23.55856400,0.00001816
1626721909121000,0,2120.52892473,0.00001816
1626721909121000,0,5302.47107527,0.00001816
1626721909130000,0,0.99331632,0.00001816
1626722169879000,1,21.73477759,0.00001815
1626722308576000,0,188.00000000,0.00001816
1626722308654000,0,0.47438436,0.00001816
1626722616579000,0,2120.00000000,0.00001817
1626722616600000,0,0.88482433,0.00001817
1626723539086000,1,20.35998700,0.00001821
1626723582282000,1,1887.27103800,0.00001821
1626723965342000,1,427.11255100,0.00001823
1626724776226000,1,2543.00000000,0.00001825
1626724854650000,1,185.00000000,0.00001823
1626724965510000,1,818.00000000,0.00001823
1626724986490000,0,1746.71179100,0.00001824
1626725166544000,1,104.45429200,0.00001823
1626725649879000,1,4418.30000000,0.00001821
1626726126395000,0,5269.51036798,0.00001823
1626726126395000,0,2107.62108920,0.00001823
1626726204805000,1,869.23021200,0.00001821
1626726426024000,0,337.28000000,0.00001824
1626726853793000,0,23.45184200,0.00001820
1626726904792000,0,1694.36000000,0.00001821
1626727475940000,0,589.60356700,0.00001822
1626727533925000,0,119.42479300,0.00001821
1626727593218000,0,2105.56711250,0.00001820
1626728011721000,0,2655.77530029,0.00001818
1626728011721000,0,2108.22469971,0.00001818
1626728141258000,0,8946.00000000,0.00001818
1626728405422000,0,506.34000000,0.00001819
1626728773660000,1,4997.00000000,0.00001820
1626728815531000,1,98.24505500,0.00001820
1626729108455000,1,26.00000000,0.00001819
1626729208847000,1,405.41021600,0.00001819
1626729305686000,0,168.38000000,0.00001820
1626729320474000,1,8946.00000000,0.00001820
1626729587632000,1,224.83410400,0.00001820
1626729670411000,1,229.91939600,0.00001819
1626729698059000,1,4208.39958025,0.00001819
1626729735237000,1,1123.89453000,0.00001818
1626729877367000,0,2681.68570374,0.00001819
1626729877367000,0,2104.28161463,0.00001819
1626729877367000,0,5260.70403657,0.00001819
1626729877367000,0,857.55264030,0.00001820
1626730797265000,0,2702.00000000,0.00001818
1626730797357000,0,0.08750901,0.00001818
1626730993388000,1,110.00000000,0.00001815
1626730993388000,1,4242.40000000,0.00001815
1626731051712000,1,1626.51986801,0.00001814
1626731123328000,1,4352.00000000,0.00001812
1626731123341000,1,0.40000000,0.00001812
1626731123725000,1,2115.06458677,0.00001811
1626731123888000,1,1926.94982512,0.00001810
1626731123932000,1,541.78282537,0.00001810
1626731123963000,1,1883.66734951,0.00001810
1626731123963000,1,489.64314772,0.00001810
1626731123990000,1,8402.28015228,0.00001810
1626731124612000,1,2117.87642733,0.00001809
1626731124612000,1,5290.88513880,0.00001809
1626731134583000,1,4352.00000000,0.00001810
1626731134583000,1,0.40000000,0.00001810
1626731238444000,1,11.12699000,0.00001810
1626731274404000,0,19.97055000,0.00001810
1626731298257000,0,33.76069700,0.00001810
1626731315973000,0,12259.00000000,0.00001810
1626731378714000,1,4352.40000000,0.00001810
1626731565231000,0,2689.00000000,0.00001811
1626731565339000,0,0.16160739,0.00001811
1626731576775000,0,2673.00000000,0.00001811
1626731672552000,0,2727.00000000,0.00001812
1626731672597000,0,0.43330180,0.00001812
1626731675415000,0,151.00000000,0.00001812
1626731675524000,0,151.00000000,0.00001812
1626731675771000,0,204.00000000,0.00001812
1626731789215000,1,479.27092577,0.00001813
1626731878922000,1,375.40528657,0.00001813
1626731879016000,1,2300.05515719,0.00001813
1626731917570000,0,2548.00000000,0.00001815
1626731990748000,1,3130.00000000,0.00001814
1626731995305000,1,8406.00000000,0.00001814
1626732097372000,0,4858.15256612,0.00001818
1626732124820000,0,490.42000000,0.00001820
1626732139943000,1,8860.47880000,0.00001819
1626732258456000,1,5581.15256612,0.00001821
1626732391794000,1,69.31860000,0.00001823
1626733025066000,0,504.76000000,0.00001821
1626733560677000,1,1439.96834000,0.00001815
1626733566948000,1,800.00000000,0.00001815
1626733568784000,0,3656.50000000,0.00001817
1626733568784000,0,7104.50000000,0.00001817
1626733726100000,0,2103.46989865,0.00001819
1626733726100000,0,3656.50000000,0.00001819
1626733726204000,0,12259.46036528,0.00001819
1626733732031000,1,40.02091000,0.00001818
1626733815318000,1,6021.00000000,0.00001819
1626733815787000,1,2060.00000000,0.00001819
1626733815845000,1,2060.00000000,0.00001819
1626733816298000,1,2118.00000000,0.00001819
1626733936526000,1,11.25337545,0.00001815
1626734032323000,1,1203.45967300,0.00001816
1626734112254000,1,47.62822265,0.00001815
1626734884855000,0,839.58000000,0.00001817
1626735545168000,0,1009.83000000,0.00001813
1626735932881000,0,4103.49298400,0.00001814
1626735965191000,0,379.37000000,0.00001814
1626736548715000,1,2105.00000000,0.00001817
1626736548716000,1,0.02034075,0.00001817
1626737424157000,1,994.00000000,0.00001812
1626737784214000,0,4338.00000000,0.00001816
